64  67  94  89 119  70  81 104  89  61  93  79  84
76  58  84  99  83 111  87  72 104  55  76 102 100
88  86  75  89  92  67  99  86 116  60  46 110 104
87 104  68  88  94  48  99  91  88  99  57  78  65
74  82  79 115  71  54 114  93  96  60 111 104 114
78 127  60  82 131  71 111 101 120  91  84  80 113
87 104  81 134  71 112  74  66  69  83  90  79  98
88 124  47  97 108  78 104  49 122 101  91  75  45
91  89  88  78  84 102  72  78  92 116  79 103  65
101  29  87  71 127  230  94  79  80  75  74  88  27
50  86  87  77 114  95  77  87  96 101  78 105  58
70  70  99  62  81  93  87  87  90  87  82 117  68
72 118  95 127 106  88  81 109 104 108 114  96  94
111  69 108 101  55  92  89  84  38  54  55  79  77
127  79  49  62 104  88  59  84 126  54 101  79  79
100  89 100  70  85 54 315
